                     CLIMATOLOGICAL SUMMARY for year 2020


NAME: Olivehill                  
ELEV: 890 feet    LAT: 35-36.00 N    LONG: 120-42.00 W


                                       TEMPERATURE (F)

                              HEAT    COOL                              MAX    MAX    MIN    MIN
          MEAN   MEAN         DEG     DEG                                >=     <=     <=     <=
 YR  MO   MAX    MIN    MEAN  DAYS    DAYS      HI  DAY     LOW  DAY     90     32     32      0
------------------------------------------------------------------------------------------------
2020 01
2020 02
2020 03
2020 04
2020 05
2020 06   83.0   53.0   66.8   13.2   30.6    95.9   21    47.7   29      2      0      0      0
2020 07   87.9   52.7   68.7   27.5  142.3   106.2   12    46.3   03     14      0      0      0
2020 08   93.7   58.3   73.9    1.6  277.7   112.8   16    49.7   30     19      0      0      0
2020 09   92.3   53.8   71.0   16.4  145.0   117.5   06    45.6   12     17      0      0      0
2020 10
2020 11
2020 12
------------------------------------------------------------------------------------------------
          90.2   54.8   70.7   58.8  595.6   117.5  Sep    45.6  Sep     52      0      0      0


                  PRECIPITATION (in)

                  MAX         ---DAYS OF RAIN---
                  OBS.               OVER
 YR  MO  TOTAL    DAY  DATE   0.01   0.10   1.00
------------------------------------------------
2020 01
2020 02
2020 03
2020 04
2020 05
2020 06   0.00   0.00    19      0      0      0
2020 07   0.00   0.00    01      0      0      0
2020 08   0.10   0.10    13      1      0      0
2020 09   0.00   0.00    01      0      0      0
2020 10
2020 11
2020 12
------------------------------------------------
          0.10   0.10   Aug      1      0      0


           WIND SPEED (mph)

                                DOM
 YR  MO    AVG     HI   DATE    DIR
-----------------------------------
2020 01
2020 02
2020 03
2020 04
2020 05
2020 06    5.2   33.0     22    218
2020 07    4.4   33.0     01    204
2020 08    3.5   31.0     10    219
2020 09    1.9   23.0     12    245
2020 10
2020 11
2020 12
-----------------------------------
           3.6   33.0    Jun    211
