                     CLIMATOLOGICAL SUMMARY for year 2021


NAME: Olivehill                  
ELEV: 890 feet    LAT: 35-36.00 N    LONG: 120-42.00 W


                                       TEMPERATURE (°F)

                              HEAT    COOL                              MAX    MAX    MIN    MIN
          MEAN   MEAN         DEG     DEG                                >=     <=     <=     <=
 YR  MO   MAX    MIN    MEAN  DAYS    DAYS      HI  DAY     LOW  DAY     90     32     32      0
------------------------------------------------------------------------------------------------
2021 01   63.2   36.9   48.5  511.0    0.0    79.4   15    25.7   26      0      0      4      0
2021 02   66.2   38.1   50.9  395.4    0.0    74.5   07    30.2   18      0      0      1      0
2021 03   66.1   37.5   50.5  450.2    0.0    87.1   31    29.6   16      0      0      4      0
2021 04   70.1   40.0   58.6   32.5    0.0    86.0   01    38.4   01      0      0      0      0
2021 05
2021 06
2021 07
2021 08
2021 09
2021 10
2021 11
2021 12
------------------------------------------------------------------------------------------------
          65.3   37.5   50.1 1389.2    0.0    87.1  Mar    25.7  Jan      0      0      9      0


                  PRECIPITATION (in)

                  MAX         ---DAYS OF RAIN---
                  OBS.               OVER
 YR  MO  TOTAL    DAY  DATE   0.01   0.10   1.00
------------------------------------------------
2021 01   6.03   3.47    28      9      5      2
2021 02   0.01   0.01    12      1      0      0
2021 03   0.79   0.36    10      6      3      0
2021 04   0.00   0.00    01      0      0      0
2021 05
2021 06
2021 07
2021 08
2021 09
2021 10
2021 11
2021 12
------------------------------------------------
          6.83   3.47   Jan     16      8      2


           WIND SPEED (mph)

                                DOM
 YR  MO    AVG     HI   DATE    DIR
-----------------------------------
2021 01    1.3   36.0     27    169
2021 02    3.0   31.0     10    334
2021 03    2.3   29.0     15    250
2021 04    3.1   27.0     02    199
2021 05
2021 06
2021 07
2021 08
2021 09
2021 10
2021 11
2021 12
-----------------------------------
           2.2   36.0    Jan    302
